2608
-0.81161510 48.08205940
-0.80845240 48.05211230
-0.80784620 48.05855780
-0.80788290 48.06523860
-0.80803780 48.06522600
-0.80847280 48.06614520
-0.80871550 48.06619630
-0.80877760 48.06629820
-0.80851560 48.06647140
-0.80837750 48.06643640
-0.80828780 48.06627260
-0.80831150 48.06622870
-0.80807070 48.06913670
-0.80819190 48.06881250
-0.80792620 48.06881500
-0.80825480 48.06878450
-0.80808850 48.06948020
-0.80777110 48.06870650
-0.80800110 48.06842750
-0.80824020 48.06846590
-0.80834120 48.06870260
-0.80833630 48.06854780
-0.80777100 48.06855210
-0.80831400 48.07011940
-0.80826620 48.07014750
-0.80813820 48.07015630
-0.80825580 48.06995990
-0.80809190 48.06997090
-0.80811570 48.06972980
-0.80820950 48.07036680
-0.80885690 48.07361300
-0.80874180 48.07353760
-0.80874770 48.07344140
-0.80886210 48.07337440
-0.80902470 48.07339080
-0.80901750 48.07360090
-0.80896650 48.07361560
-0.80846360 48.07347430
-0.80894830 48.07308360
-0.80893280 48.07383430
-0.80914180 48.07618780
-0.80907860 48.07624110
-0.80890770 48.07626930
-0.80875790 48.07619820
-0.80874470 48.07607490
-0.80883410 48.07600390
-0.80898180 48.07598510
-0.80912810 48.07605000
-0.80840810 48.07613120
-0.80889810 48.07565500
-0.80955650 48.07614210
-0.80920110 48.07671880
-0.80911480 48.07655850
-0.80805870 48.07876040
-0.80851450 48.08096780
-0.80860680 48.08086070
-0.80844160 48.07963040
-0.80915460 48.08023970
-0.80956690 48.08040650
-0.80817750 48.07933140
-0.80918060 48.08025240
-0.80857100 48.07977860
-0.80820860 48.07990710
-0.80855620 48.08067340
-0.80887900 48.08079880
-0.80859110 48.08196820
-0.80843520 48.08160260
-0.80910570 48.08152370
-0.80922610 48.08151450
-0.80880800 48.08216110
-0.80834400 48.08209710
-0.80855320 48.08229070
-0.80893340 48.08265710
-0.80864020 48.08279010
-0.80961150 48.08214770
-0.81029470 48.08115520
-0.81009080 48.08143030
-0.80996070 48.08121360
-0.81022380 48.08113420
-0.81101130 48.08462320
-0.81103480 48.08628750
-0.80955360 48.08395170
-0.80877790 48.08430780
-0.80929330 48.08398920
-0.80836640 48.08453530
-0.80784690 48.08411600
-0.80819380 48.08392120
-0.80949760 48.08602510
-0.80897380 48.08559620
-0.80797930 48.08639430
-0.80973570 48.08686090
-0.80993650 48.08700910
-0.80994570 48.08710390
-0.80979230 48.08726140
-0.80946180 48.08727300
-0.80927390 48.08707050
-0.80952740 48.08685230
-0.80943050 48.08688040
-0.80609550 48.05789060
-0.80617620 48.05804770
-0.80600500 48.05788680
-0.80613520 48.05773830
-0.80616840 48.05792670
-0.80588950 48.05795630
-0.80716010 48.05957610
-0.80748920 48.05871460
-0.80741950 48.05843140
-0.80470700 48.06609430
-0.80530110 48.06631830
-0.80669810 48.06867050
-0.80607170 48.06867440
-0.80737190 48.07347280
-0.80406300 48.07803750
-0.80494080 48.07784240
-0.80483470 48.07946160
-0.80422500 48.08051300
-0.80402310 48.08058880
-0.80499100 48.08079000
-0.80394010 48.08037820
-0.80491060 48.07939320
-0.80665020 48.07994930
-0.80700970 48.07936410
-0.80602100 48.07904820
-0.80446570 48.07930940
-0.80560670 48.07931580
-0.80643940 48.07918620
-0.80702470 48.08007810
-0.80579970 48.08104620
-0.80451390 48.08058940
-0.80445470 48.07856850
-0.80500190 48.07872980
-0.80511690 48.07870870
-0.80517670 48.07878320
-0.80501250 48.07881770
-0.80503610 48.07882870
-0.80479070 48.07919890
-0.80465170 48.07949050
-0.80412600 48.08035920
-0.80729360 48.08364490
-0.80609740 48.08226910
-0.80649830 48.08358770
-0.80577930 48.08300820
-0.80470780 48.08120160
-0.80580420 48.08196490
-0.80398490 48.08196150
-0.80388800 48.08156370
-0.80551950 48.08278770
-0.80741580 48.08433040
-0.80686020 48.08388060
-0.80516550 48.08695150
-0.80495790 48.08695790
-0.80497220 48.08679420
-0.80493990 48.08681330
-0.80018930 48.04055550
-0.80026310 48.04062780
-0.80112010 48.04133590
-0.80105100 48.04123360
-0.80120610 48.04104090
-0.80129100 48.04102310
-0.80161410 48.04119700
-0.80149010 48.04136720
-0.80142520 48.04138900
-0.80126060 48.04139350
-0.80166140 48.04049600
-0.80156480 48.04110290
-0.80105570 48.04188670
-0.80207910 48.04147200
-0.80195960 48.04144310
-0.80076920 48.04221970
-0.80107030 48.04796100
-0.80050710 48.05374780
-0.80058210 48.05393650
-0.80042200 48.05389520
-0.80349570 48.05397400
-0.80188520 48.05458790
-0.80147090 48.05474580
-0.80050690 48.05562670
-0.80148360 48.06108960
-0.80281050 48.06105060
-0.80072570 48.06172440
-0.80020110 48.06220110
-0.80077450 48.06264610
-0.80073180 48.06248000
-0.80098060 48.06246840
-0.80097340 48.06263660
-0.80100810 48.06260970
-0.80083480 48.06473320
-0.80169160 48.06486460
-0.80194110 48.06458370
-0.80286170 48.06483380
-0.80111320 48.06521680
-0.80135160 48.06554440
-0.80333100 48.06647900
-0.80318830 48.06636850
-0.80334840 48.06626520
-0.80350810 48.06638360
-0.80342830 48.06646540
-0.80294540 48.06842520
-0.80320570 48.06857350
-0.80317660 48.06877570
-0.80275220 48.06887270
-0.80256430 48.06875850
-0.80256730 48.06854650
-0.80261860 48.06849730
-0.80120640 48.06864400
-0.80132300 48.07030970
-0.80155490 48.06975440
-0.80042010 48.07073640
-0.80037180 48.07241160
-0.80113770 48.07074790
-0.80288820 48.07341490
-0.80271430 48.07327430
-0.80036650 48.07256020
-0.80241960 48.07475990
-0.80309290 48.07358500
-0.80305680 48.07350540
-0.80326810 48.07356020
-0.80327850 48.07351550
-0.80181080 48.07613550
-0.80184040 48.07607410
-0.80362730 48.07785120
-0.80193220 48.07580970
-0.80185420 48.07813970
-0.80251640 48.07798010
-0.80306220 48.07814160
-0.80313020 48.07924750
-0.80283990 48.08008040
-0.80370890 48.08013770
-0.80294230 48.07966860
-0.80117410 48.07849950
-0.80223920 48.07826750
-0.80381410 48.07837340
-0.80177750 48.07862720
-0.80204630 48.07855310
-0.80220270 48.07872720
-0.80175630 48.07866370
-0.80372680 48.08137270
-0.80091630 48.08299840
-0.80017030 48.08302330
-0.80369100 48.08185880
-0.80303300 48.08587670
-0.80325640 48.08591710
-0.80304440 48.08585480
-0.80134270 48.08947130
-0.80020420 48.09490680
-0.80034890 48.09442980
-0.80065100 48.09419830
-0.80204810 48.09726820
-0.80163500 48.09710310
-0.80170520 48.09715930
-0.80168010 48.09729920
-0.80140680 48.09732900
-0.80131530 48.09721090
-0.80145900 48.09708510
-0.80169540 48.09653710
-0.80067420 48.09653230
-0.80062530 48.09601550
-0.80060200 48.09582470
-0.80055290 48.09538950
-0.80141690 48.09709740
-0.80156620 48.09689040
-0.80160790 48.09677630
-0.80114100 48.09654570
-0.80107410 48.09736540
-0.79660530 48.05120040
-0.79662680 48.05398110
-0.80002790 48.05527530
-0.80006410 48.05536150
-0.79989230 48.05550300
-0.79967830 48.05546150
-0.79966310 48.05526430
-0.79984970 48.05520710
-0.79934330 48.05560970
-0.79735160 48.05655050
-0.79836720 48.05753940
-0.79717560 48.05622270
-0.79689260 48.05631000
-0.79877580 48.06061520
-0.79793970 48.05850170
-0.79787030 48.05864130
-0.79887480 48.05987840
-0.79860110 48.05951730
-0.79891740 48.06083820
-0.79886940 48.06078320
-0.79694900 48.05920330
-0.79892600 48.06060570
-0.79935050 48.05998790
-0.79960150 48.05954430
-0.79677460 48.06120670
-0.79737930 48.05930550
-0.79730710 48.05927280
-0.79737790 48.05925040
-0.79739160 48.05929820
-0.79799640 48.05996830
-0.79799680 48.05990050
-0.79809710 48.05995580
-0.79801790 48.05997640
-0.79707530 48.06352750
-0.79755620 48.06364070
-0.79777820 48.06160270
-0.79839400 48.06172790
-0.80009400 48.06214940
-0.79914080 48.06133020
-0.79957530 48.06440520
-0.79973210 48.06510150
-0.79827670 48.06495200
-0.79905390 48.06469240
-0.79952060 48.06865200
-0.79747720 48.06913790
-0.79962320 48.06871480
-0.79851980 48.06876490
-0.79772110 48.06889060
-0.79723660 48.06898090
-0.79962590 48.06865150
-0.79661200 48.07081470
-0.79737810 48.07079490
-0.79797870 48.07077790
-0.79997770 48.07308000
-0.79987750 48.07328150
-0.80003750 48.07318500
-0.79990490 48.07319720
-0.79979240 48.07317760
-0.80011090 48.07298080
-0.79962430 48.07312310
-0.79992490 48.07341470
-0.79695910 48.07286100
-0.79802790 48.07289760
-0.79668230 48.07761870
-0.79678160 48.07720650
-0.79752780 48.07711700
-0.79930840 48.07746450
-0.79900610 48.07793770
-0.79913600 48.07808160
-0.79883010 48.07818610
-0.79893870 48.07792840
-0.79873210 48.07803010
-0.79763840 48.07785770
-0.79732430 48.07781520
-0.79829370 48.07959750
-0.79833100 48.07964720
-0.79795440 48.08049820
-0.79849370 48.07862760
-0.79708520 48.07969470
-0.79808660 48.08082770
-0.79809510 48.08074020
-0.79812820 48.08072030
-0.79826250 48.08072570
-0.79829510 48.08075210
-0.79828780 48.08083260
-0.79826550 48.08084910
-0.79857940 48.08083020
-0.79823710 48.08086080
-0.79812520 48.08085490
-0.79778050 48.08075640
-0.79860840 48.07850750
-0.79692030 48.08064430
-0.79675910 48.08060120
-0.79677170 48.08058490
-0.79741840 48.07843770
-0.79647020 48.08038670
-0.79916600 48.08213470
-0.79851460 48.08168040
-0.79728500 48.08108000
-0.80000430 48.08255380
-0.79861890 48.08288290
-0.80002100 48.08316600
-0.79849820 48.08387660
-0.79852090 48.08299660
-0.79848060 48.08316970
-0.79835800 48.08314640
-0.79833060 48.08312270
-0.79803240 48.08156790
-0.79872160 48.08405040
-0.79845250 48.08389420
-0.79715080 48.08397030
-0.79838940 48.08402070
-0.79871710 48.08392360
-0.79963060 48.08441470
-0.80015490 48.09475330
-0.79942690 48.09407550
-0.79680790 48.09731540
-0.79680770 48.09729050
-0.80011450 48.09658860
-0.79711230 48.09732930
-0.79916950 48.09658740
-0.79806840 48.09656330
-0.79734990 48.09671070
-0.79790870 48.09660730
-0.79688780 48.09721100
-0.79662310 48.09669020
-0.79652440 48.09644000
-0.79692500 48.09740300
-0.79813230 48.09741750
-0.79781500 48.09884680
-0.79324430 48.05250440
-0.79302720 48.05261110
-0.79435410 48.05190590
-0.79425530 48.05180020
-0.79513350 48.05098910
-0.79412870 48.05180500
-0.79600520 48.05176860
-0.79615840 48.05164180
-0.79572940 48.05196090
-0.79563530 48.05187190
-0.79567670 48.05188860
-0.79551890 48.05187910
-0.79552140 48.05204660
-0.79425690 48.05214060
-0.79506540 48.05123370
-0.79499850 48.05132240
-0.79347280 48.05262870
-0.79351860 48.05244560
-0.79359580 48.05240040
-0.79375530 48.05237670
-0.79400390 48.05251510
-0.79401280 48.05257460
-0.79388530 48.05272450
-0.79347640 48.05263730
-0.79351470 48.05268000
-0.79641480 48.05388250
-0.79636830 48.05405650
-0.79462320 48.05299920
-0.79501740 48.05319400
-0.79373420 48.05275030
-0.79323650 48.05342160
-0.79291780 48.05795180
-0.79286560 48.05834030
-0.79323530 48.05826530
-0.79477950 48.05817160
-0.79587560 48.05662810
-0.79580090 48.05670690
-0.79568730 48.05667010
-0.79567840 48.05664780
-0.79280590 48.05890810
-0.79625140 48.06083200
-0.79488440 48.06021320
-0.79510210 48.06177850
-0.79333020 48.06172990
-0.79510120 48.06176310
-0.79307170 48.06301830
-0.79520930 48.06172920
-0.79556840 48.06136450
-0.79521190 48.06180740
-0.79551480 48.06203390
-0.79597250 48.06252700
-0.79619400 48.06294110
-0.79627970 48.06341240
-0.79600030 48.06405060
-0.79412930 48.06393300
-0.79380410 48.06349340
-0.79589820 48.06410800
-0.79509340 48.06443810
-0.79294160 48.06444250
-0.79480800 48.06577530
-0.79480400 48.06556800
-0.79469990 48.06523500
-0.79482330 48.06516040
-0.79481080 48.06531020
-0.79472100 48.06527890
-0.79624910 48.06538210
-0.79492410 48.06524310
-0.79414840 48.06946850
-0.79417750 48.06791590
-0.79319720 48.06775140
-0.79432480 48.06744530
-0.79409470 48.06742050
-0.79498260 48.06932280
-0.79418070 48.06820130
-0.79338270 48.06960320
-0.79484260 48.06823640
-0.79516690 48.06909570
-0.79535470 48.06925260
-0.79303430 48.07005010
-0.79365350 48.07118850
-0.79305640 48.07011750
-0.79404250 48.07086090
-0.79274730 48.07000470
-0.79322850 48.06974880
-0.79277270 48.06977420
-0.79321950 48.07181350
-0.79322180 48.07198040
-0.79313320 48.07216150
-0.79304190 48.07240630
-0.79461840 48.07243640
-0.79348240 48.07074740
-0.79372750 48.07111090
-0.79428770 48.07197060
-0.79547590 48.07271310
-0.79558130 48.07537980
-0.79557250 48.07496070
-0.79310480 48.07447240
-0.79445080 48.07438190
-0.79383030 48.07353230
-0.79504070 48.07312710
-0.79502890 48.07276700
-0.79498790 48.07288380
-0.79477780 48.07289620
-0.79472240 48.07275390
-0.79488660 48.07269290
-0.79500700 48.07273890
-0.79308590 48.07792250
-0.79281810 48.07777710
-0.79552170 48.07774570
-0.79548360 48.07740800
-0.79584300 48.07773840
-0.79576700 48.07776290
-0.79596990 48.07761880
-0.79559150 48.07817980
-0.79581470 48.07738690
-0.79559720 48.07684020
-0.79558090 48.07547490
-0.79347600 48.08070860
-0.79350220 48.08060110
-0.79553860 48.08032120
-0.79518620 48.08052520
-0.79544670 48.08033890
-0.79606580 48.08067010
-0.79536230 48.08036900
-0.79364980 48.08008600
-0.79374490 48.08001850
-0.79409030 48.08007940
-0.79436650 48.08012700
-0.79435110 48.08022460
-0.79383800 48.08015080
-0.79369350 48.08012680
-0.79578150 48.08033690
-0.79384930 48.07833860
-0.79334740 48.07879260
-0.79571730 48.08091620
-0.79421860 48.07994380
-0.79299880 48.07910810
-0.79481920 48.07916400
-0.79497730 48.08028990
-0.79560480 48.07973300
-0.79602550 48.08048630
-0.79349670 48.07993840
-0.79530410 48.08083960
-0.79580360 48.08089700
-0.79318780 48.08161020
-0.79421850 48.08305920
-0.79589100 48.08211910
-0.79433540 48.08383880
-0.79411870 48.08376960
-0.79405460 48.08356280
-0.79487860 48.08193100
-0.79411430 48.08402380
-0.79405620 48.08400730
-0.79300970 48.08689940
-0.79486010 48.09229110
-0.79461400 48.09017670
-0.79541950 48.09420120
-0.79351780 48.09620090
-0.79451940 48.09772620
-0.79429350 48.09778870
-0.79610820 48.09652580
-0.79548520 48.09544110
-0.79526660 48.09544310
-0.79432730 48.09542170
-0.79419150 48.09577510
-0.79289200 48.09522830
-0.79341440 48.09533100
-0.79310640 48.09545420
-0.79496570 48.09672380
-0.79457240 48.09706410
-0.79313080 48.09959600
-0.79290760 48.09954050
-0.79607130 48.09900380
-0.79170690 48.04858480
-0.79152080 48.04855870
-0.79219800 48.05187460
-0.79252920 48.05236030
-0.79195790 48.05204230
-0.78921370 48.05006110
-0.78918820 48.05020350
-0.78904560 48.05002310
-0.79062090 48.05120240
-0.79037060 48.05462420
-0.79004240 48.05486240
-0.78972270 48.05509550
-0.78958710 48.05499610
-0.79046500 48.05434120
-0.79064180 48.05440520
-0.78930050 48.05541040
-0.78982090 48.05673920
-0.78980470 48.05673680
-0.78991530 48.05667850
-0.79188180 48.05696590
-0.79100710 48.05623670
-0.79078150 48.05671810
-0.79041700 48.05715300
-0.79219650 48.05849230
-0.79263570 48.06030620
-0.79129410 48.06030080
-0.78948150 48.05958930
-0.79075760 48.05997090
-0.79128650 48.06012300
-0.79216520 48.06000510
-0.79068340 48.05856280
-0.78943310 48.05931650
-0.78918110 48.05995920
-0.79112710 48.06342830
-0.79095930 48.06245960
-0.79043660 48.06325210
-0.79079300 48.06359550
-0.79273150 48.06397090
-0.78950780 48.06307870
-0.78986270 48.06208880
-0.78964050 48.06479880
-0.79115000 48.06415690
-0.79019710 48.06407390
-0.78960000 48.06649410
-0.79027800 48.06771490
-0.79247810 48.06971130
-0.79178960 48.06934400
-0.78907350 48.06790100
-0.79092230 48.06795560
-0.79172320 48.06924520
-0.79117470 48.06866900
-0.78971880 48.06710610
-0.79048610 48.06833130
-0.79067590 48.06813780
-0.79197580 48.06953400
-0.79170740 48.06903250
-0.79247080 48.06956680
-0.79121800 48.06833130
-0.79137550 48.06864610
-0.79066310 48.06842680
-0.79024040 48.06873290
-0.79048680 48.07224100
-0.79051440 48.07181310
-0.79050980 48.07110630
-0.79156100 48.07070800
-0.79248690 48.06986040
-0.79194040 48.07231700
-0.79201490 48.07136650
-0.79194180 48.06986580
-0.79228900 48.06992010
-0.79094920 48.07012760
-0.79021590 48.07013910
-0.79020640 48.07025180
-0.79017380 48.07026210
-0.78973770 48.07019050
-0.79111420 48.07226670
-0.79021150 48.07223470
-0.78958770 48.07221560
-0.78931040 48.07221570
-0.78976870 48.07027740
-0.79155940 48.07320580
-0.79274090 48.07453390
-0.79093270 48.07311880
-0.78927650 48.07430300
-0.78983110 48.07334630
-0.79073050 48.07585950
-0.79112930 48.07704200
-0.79191340 48.07742660
-0.79140450 48.07607990
-0.79070100 48.07686880
-0.79007170 48.07754540
-0.78980840 48.07584330
-0.78930820 48.07816840
-0.78904440 48.07801810
-0.79126900 48.08043410
-0.79169910 48.08051550
-0.78972320 48.07995780
-0.78937710 48.08067760
-0.78944090 48.08072240
-0.79035430 48.08073290
-0.79063150 48.08073310
-0.78910560 48.08011630
-0.78924550 48.07985600
-0.78957300 48.07924640
-0.78975320 48.07891110
-0.79192660 48.07941820
-0.78996040 48.07852540
-0.78919740 48.08332510
-0.79203550 48.08360220
-0.79249040 48.08332190
-0.79144170 48.08532250
-0.79151340 48.08515670
-0.79171790 48.08517170
-0.79175330 48.08519940
-0.79090820 48.08437510
-0.79170240 48.08536260
-0.78947870 48.08414780
-0.78916880 48.09195770
-0.78965310 48.09203700
-0.79065260 48.09201900
-0.79163680 48.09318530
-0.79175080 48.09327350
-0.79030340 48.09349360
-0.79170750 48.09511280
-0.79204920 48.09465860
-0.79255540 48.09686320
-0.79163690 48.09700720
-0.79161780 48.09641590
-0.79032320 48.09562530
-0.79031150 48.09582030
-0.79159540 48.09583500
-0.79158030 48.09958890
-0.79089860 48.09979780
-0.79202200 48.09833050
-0.79199190 48.09827790
-0.79218090 48.09828020
-0.79201440 48.09824270
-0.79151560 48.09852290
-0.78987680 48.09889310
-0.78998850 48.09870920
-0.79009220 48.09882530
-0.78992020 48.09890300
-0.79077860 48.09999040
-0.79064890 48.09989850
-0.78900290 48.05003620
-0.78895060 48.05017190
-0.78611520 48.05543670
-0.78580850 48.05279280
-0.78765550 48.05471490
-0.78848620 48.05496910
-0.78558650 48.05533870
-0.78537750 48.05370960
-0.78630320 48.05420070
-0.78698170 48.05610550
-0.78616650 48.05835140
-0.78622640 48.05834450
-0.78611300 48.05833020
-0.78762330 48.05665280
-0.78622580 48.05824100
-0.78610930 48.05825880
-0.78858610 48.05966530
-0.78839160 48.06081010
-0.78647660 48.06023550
-0.78626470 48.06009930
-0.78701470 48.05880100
-0.78901890 48.06038970
-0.78811830 48.05941840
-0.78718250 48.05911350
-0.78718750 48.05900580
-0.78737320 48.05890170
-0.78751900 48.05890040
-0.78771860 48.05904790
-0.78771460 48.05911850
-0.78759350 48.05923120
-0.78735360 48.05924710
-0.78629970 48.05987600
-0.78592330 48.06011280
-0.78846670 48.06144580
-0.78710130 48.06617770
-0.78750020 48.06455950
-0.78697580 48.06419770
-0.78745500 48.06461700
-0.78768950 48.06457440
-0.78712290 48.06467290
-0.78737990 48.06463180
-0.78790920 48.06461950
-0.78850720 48.06467170
-0.78890420 48.06470960
-0.78635130 48.06520330
-0.78806440 48.06471160
-0.78873950 48.06684510
-0.78753760 48.06460060
-0.78763170 48.06470480
-0.78827930 48.06537810
-0.78898720 48.06476710
-0.78636820 48.06535220
-0.78744060 48.06553510
-0.78747240 48.06565520
-0.78714580 48.06612610
-0.78752630 48.06609740
-0.78781860 48.06610110
-0.78710220 48.06619930
-0.78882510 48.06570280
-0.78830620 48.06471250
-0.78755290 48.06471980
-0.78747590 48.06473450
-0.78659700 48.06473880
-0.78689800 48.06411330
-0.78724930 48.06896640
-0.78723730 48.06740450
-0.78881820 48.06785980
-0.78881980 48.06733740
-0.78717460 48.06693460
-0.78733830 48.06865980
-0.78859540 48.06808550
-0.78861760 48.06783110
-0.78765460 48.06768090
-0.78729150 48.06756960
-0.78711900 48.06750470
-0.78625280 48.06721700
-0.78828290 48.06946750
-0.78543250 48.07181880
-0.78768220 48.07190480
-0.78540030 48.07157350
-0.78877460 48.07178920
-0.78864720 48.07208780
-0.78547660 48.07208750
-0.78747830 48.07238470
-0.78853850 48.06996490
-0.78865710 48.07020560
-0.78699580 48.07081340
-0.78537030 48.07403500
-0.78559050 48.07342920
-0.78560050 48.07268870
-0.78804130 48.07305600
-0.78777990 48.07379510
-0.78561580 48.07601110
-0.78536200 48.07600180
-0.78547250 48.07592570
-0.78652440 48.07769720
-0.78683060 48.07773460
-0.78890250 48.07593280
-0.78558380 48.07595360
-0.78742700 48.07599470
-0.78862340 48.07679620
-0.78561150 48.07603180
-0.78800430 48.08022200
-0.78841750 48.07867340
-0.78732680 48.07960310
-0.78822340 48.07990160
-0.78896930 48.08073750
-0.78899130 48.08060410
-0.78889890 48.08050090
-0.78741400 48.08327680
-0.78807990 48.08346630
-0.78844050 48.08354930
-0.78844660 48.08341450
-0.78872830 48.08335210
-0.78885690 48.08347130
-0.78878990 48.08359200
-0.78885190 48.08352020
-0.78850190 48.08360080
-0.78545790 48.08475720
-0.78608490 48.08462940
-0.78837630 48.09160700
-0.78737230 48.09162800
-0.78836040 48.09107690
-0.78901390 48.09188910
-0.78718050 48.09111140
-0.78721770 48.09163050
-0.78821060 48.09243740
-0.78812420 48.09290410
-0.78849570 48.09943150
-0.78841410 48.09950250
-0.78844320 48.09940190
-0.78653610 48.09920860
-0.78836040 48.09942410
-0.78784640 48.09935340
-0.78622070 48.09918200
-0.78431980 48.04700360
-0.78418320 48.05173020
-0.78476370 48.05188250
-0.78345340 48.05280630
-0.78169330 48.05302730
-0.78220120 48.05304840
-0.78334300 48.05320740
-0.78523340 48.05364760
-0.78327370 48.05596880
-0.78305070 48.05672520
-0.78230020 48.05796310
-0.78210000 48.05659630
-0.78529790 48.05624790
-0.78199210 48.05854420
-0.78223080 48.05868730
-0.78236390 48.05882920
-0.78277070 48.06017850
-0.78192540 48.05998880
-0.78307710 48.06039380
-0.78457430 48.06098550
-0.78178620 48.06123480
-0.78377540 48.06107510
-0.78412780 48.06105740
-0.78430180 48.06119260
-0.78289700 48.06166960
-0.78340190 48.06157570
-0.78161800 48.06335880
-0.78489910 48.06188360
-0.78429230 48.06133000
-0.78403300 48.06146450
-0.78392680 48.06146140
-0.78368430 48.06132820
-0.78367380 48.06124330
-0.78439970 48.06651710
-0.78271690 48.06588980
-0.78259750 48.06580090
-0.78262850 48.06559480
-0.78453690 48.06500380
-0.78413610 48.06506570
-0.78238380 48.06571180
-0.78243590 48.06561190
-0.78454020 48.06494370
-0.78463950 48.06496740
-0.78484000 48.06505850
-0.78271360 48.06567130
-0.78458770 48.06508080
-0.78420570 48.06511150
-0.78213550 48.06566430
-0.78408550 48.06676330
-0.78426740 48.06646980
-0.78478110 48.06491030
-0.78501710 48.06910950
-0.78311300 48.06735500
-0.78427640 48.06890380
-0.78415640 48.06849030
-0.78411080 48.06832530
-0.78399400 48.06796640
-0.78404430 48.06741230
-0.78177440 48.07049440
-0.78321470 48.07043950
-0.78241660 48.07122480
-0.78288200 48.07123610
-0.78311450 48.07125600
-0.78313610 48.07159480
-0.78335320 48.07244370
-0.78411600 48.07205300
-0.78513290 48.07182560
-0.78515590 48.07034710
-0.78531920 48.07114490
-0.78441990 48.07527920
-0.78393050 48.07499430
-0.78334240 48.07322310
-0.78259170 48.07514010
-0.78238450 48.07267990
-0.78408880 48.07335220
-0.78247130 48.07414070
-0.78239880 48.07338380
-0.78289090 48.07359250
-0.78497060 48.07465000
-0.78194080 48.07469630
-0.78286820 48.07527840
-0.78176880 48.07370820
-0.78167770 48.07639040
-0.78523460 48.07575960
-0.78302810 48.07596500
-0.78356530 48.07591700
-0.78509770 48.07568840
-0.78170400 48.08355780
-0.78241680 48.08359640
-0.78310910 48.08345320
-0.78332230 48.08379430
-0.78381180 48.08366550
-0.78519780 48.08436930
-0.78203700 48.08429540
-0.78219650 48.08435010
-0.78217530 48.08445240
-0.78192190 48.08437620
-0.78193490 48.08434790
-0.78500010 48.08435040
-0.78406300 48.08523310
-0.78312820 48.09204960
-0.78438120 48.09504250
-0.78226340 48.09464210
-0.78257790 48.09797120
-0.78254700 48.09797580
-0.78249730 48.09785770
-0.78244880 48.09792060
-0.78262480 48.09788250
-0.78333390 48.09689980
-0.78246350 48.09579370
-0.78177920 48.09566510
-0.78381870 48.09841710
-0.78249030 48.09846900
-0.78261050 48.09839020
-0.78272350 48.09845470
-0.78268940 48.09852530
-0.78347880 48.09966470
-0.78485560 48.09912000
-0.78492660 48.09896980
-0.78509600 48.09905500
-0.78507690 48.09910600
-0.77942180 48.04460740
-0.77993900 48.05139300
-0.78153300 48.05423290
-0.78147400 48.05365510
-0.78123180 48.05307640
-0.77979070 48.05370910
-0.77997490 48.05331980
-0.78001700 48.05323070
-0.78154670 48.05458260
-0.78109270 48.05464350
-0.78112920 48.05422050
-0.78100210 48.05376780
-0.78070930 48.05313720
-0.77806630 48.05835360
-0.77834450 48.05834300
-0.78054660 48.05655630
-0.78049880 48.05738980
-0.78039820 48.05710250
-0.77926320 48.05704340
-0.77987790 48.05706580
-0.77958700 48.05830340
-0.77978950 48.05817400
-0.77996420 48.05830930
-0.77953470 48.05860900
-0.77942930 48.05859020
-0.78120010 48.05987160
-0.78091130 48.05963170
-0.77968920 48.05841220
-0.78106340 48.06110410
-0.77825190 48.06221880
-0.77807490 48.06310050
-0.77920820 48.06208260
-0.77808890 48.06139630
-0.77836810 48.06145500
-0.77876230 48.06138780
-0.77965330 48.06202760
-0.78129870 48.06171900
-0.78102480 48.06188510
-0.78026320 48.06322740
-0.77940470 48.06423620
-0.77799280 48.06408810
-0.77993670 48.06523790
-0.77856490 48.06416120
-0.78028210 48.06664990
-0.77817900 48.06468320
-0.77814270 48.06604410
-0.78008850 48.06584210
-0.77915280 48.06467150
-0.77939420 48.06454090
-0.77948340 48.06440190
-0.77972230 48.06462020
-0.77963370 48.06464840
-0.77943920 48.06460360
-0.77941060 48.06457420
-0.77975280 48.06443200
-0.78071480 48.06743350
-0.78059080 48.06908940
-0.78040710 48.06718550
-0.78058460 48.06743240
-0.78042730 48.06743000
-0.77934700 48.06871490
-0.77984660 48.06870260
-0.78055580 48.06869740
-0.77854900 48.06751120
-0.78092840 48.07052590
-0.78035460 48.07087590
-0.77878610 48.07060560
-0.78003680 48.07056030
-0.77812920 48.07156130
-0.77837460 48.07170720
-0.77896020 48.07127060
-0.78007850 48.07153440
-0.77980160 48.07220870
-0.78072770 48.07048580
-0.78049350 48.07054370
-0.78132810 48.07523890
-0.78061460 48.07302510
-0.78008160 48.07270460
-0.77837960 48.07287090
-0.78035690 48.07528810
-0.78069920 48.07601050
-0.78005610 48.07729580
-0.77895850 48.07725010
-0.78053460 48.07569840
-0.78030440 48.07584420
-0.78157240 48.07613180
-0.77804110 48.08012460
-0.77825830 48.08016930
-0.78006900 48.07863250
-0.78158390 48.08164710
-0.77852070 48.08134210
-0.77853970 48.08129440
-0.78087530 48.08170230
-0.78152830 48.08358920
-0.78155660 48.08361880
-0.78135260 48.08385090
-0.78082220 48.08225920
-0.77976230 48.08268130
-0.77889860 48.08328180
-0.77849210 48.08344630
-0.78049160 48.08324860
-0.78056460 48.08340160
-0.78031530 48.08333770
-0.78040840 48.08325140
-0.77984880 48.08495000
-0.77933210 48.08474500
-0.77879410 48.08414590
-0.77849030 48.08411100
-0.78140580 48.08388680
-0.78038420 48.08486190
-0.77978090 48.08521580
-0.77910240 48.08621330
-0.77808190 48.08662550
-0.77815440 48.08557870
-0.77803300 48.08510570
-0.77988830 48.08929520
-0.77859530 48.08903750
-0.77804550 48.08921920
-0.77866970 48.08854080
-0.77800120 48.08818980
-0.77893890 48.08883930
-0.77896660 48.08875640
-0.77917470 48.08863130
-0.77942420 48.08864400
-0.77959600 48.08877600
-0.77958740 48.08893150
-0.77940100 48.08905490
-0.77902420 48.08899580
-0.77894710 48.08889580
-0.77822960 48.09417250
-0.77827930 48.09454780
-0.78007760 48.09337680
-0.78070130 48.09478560
-0.77896240 48.09325630
-0.78113140 48.09674640
-0.78021900 48.09715490
-0.78114880 48.09700690
-0.78091810 48.09794160
-0.78033490 48.09701730
-0.77930350 48.09684200
-0.78018070 48.09627500
-0.77962430 48.09720960
-0.78079460 48.09587910
-0.78097250 48.09522200
-0.78039020 48.09810570
-0.77753220 48.04053120
-0.77596310 48.05302060
-0.77788760 48.05776950
-0.77606610 48.05986440
-0.77499350 48.05968230
-0.77737120 48.05998610
-0.77743920 48.05843820
-0.77627360 48.05930490
-0.77591380 48.06054960
-0.77609940 48.05975810
-0.77460050 48.06279100
-0.77625230 48.06255590
-0.77671060 48.06247100
-0.77679990 48.06392720
-0.77739470 48.06322010
-0.77727450 48.06397240
-0.77713370 48.06147760
-0.77773060 48.06143280
-0.77489840 48.06274520
-0.77514590 48.06270840
-0.77572160 48.06151690
-0.77682260 48.06149280
-0.77632430 48.06466590
-0.77547550 48.06466260
-0.77530300 48.06410420
-0.77447970 48.06409480
-0.77469480 48.06604870
-0.77529880 48.06497230
-0.77529910 48.06466110
-0.77623170 48.06936770
-0.77486060 48.06817870
-0.77445500 48.06775780
-0.77432630 48.06745180
-0.77719860 48.06898640
-0.77595280 48.06706490
-0.77447130 48.07154500
-0.77648140 48.07244770
-0.77553320 48.07051870
-0.77457430 48.07062310
-0.77454760 48.07072860
-0.77680820 48.07114240
-0.77625310 48.07116530
-0.77597570 48.07072190
-0.77595380 48.07116040
-0.77461490 48.07131360
-0.77468330 48.07077690
-0.77439940 48.07174990
-0.77605620 48.07062550
-0.77604280 48.07071900
-0.77454960 48.07076090
-0.77455190 48.07078250
-0.77786840 48.07065150
-0.77714400 48.07026350
-0.77666230 48.07001080
-0.77606040 48.06973740
-0.77570370 48.06987810
-0.77689500 48.07084180
-0.77665970 48.07069280
-0.77746280 48.07469680
-0.77720920 48.07270770
-0.77446610 48.07396190
-0.77641220 48.07299680
-0.77637690 48.07325220
-0.77610720 48.07414910
-0.77677950 48.07772910
-0.77501200 48.07552820
-0.77636200 48.07667260
-0.77651350 48.07714520
-0.77639470 48.07688860
-0.77646400 48.07708180
-0.77634780 48.07653840
-0.77563660 48.07617760
-0.77666530 48.07907360
-0.77666370 48.07932910
-0.77675250 48.08010000
-0.77613410 48.08001060
-0.77674700 48.07986670
-0.77669820 48.07951400
-0.77440770 48.08009280
-0.77502520 48.08043300
-0.77666150 48.07917090
-0.77634430 48.07918890
-0.77531630 48.07874540
-0.77779610 48.08290870
-0.77755860 48.08287100
-0.77758730 48.08301410
-0.77768570 48.08302680
-0.77713490 48.08187250
-0.77777580 48.08288050
-0.77782010 48.08114020
-0.77447300 48.08276960
-0.77763930 48.08326870
-0.77740170 48.08312320
-0.77436090 48.08117460
-0.77467510 48.08120860
-0.77653800 48.08200860
-0.77623700 48.08218830
-0.77761910 48.08332220
-0.77510400 48.08125470
-0.77640280 48.08132210
-0.77697790 48.08128150
-0.77750370 48.08442750
-0.77742360 48.08465360
-0.77515410 48.08640620
-0.77726070 48.08462450
-0.77756840 48.08456740
-0.77754140 48.08445360
-0.77474510 48.08599140
-0.77713110 48.08466030
-0.77719910 48.08455350
-0.77734930 48.08440310
-0.77640700 48.08566490
-0.77655340 48.08592320
-0.77426990 48.08886120
-0.77506730 48.08933170
-0.77723360 48.08775840
-0.77773730 48.08779580
-0.77777420 48.08796150
-0.77760140 48.08787000
-0.77763340 48.08782390
-0.77453520 48.09233350
-0.77470630 48.08992480
-0.77609290 48.08991070
-0.77547840 48.09162810
-0.77593880 48.09202640
-0.77612570 48.09231720
-0.77683500 48.09227830
-0.77696520 48.09218610
-0.77711620 48.09228370
-0.77705690 48.09235640
-0.77686660 48.09162300
-0.77498480 48.09013070
-0.77523100 48.09023180
-0.77519970 48.09049240
-0.77475720 48.09052090
-0.77465740 48.09025690
-0.77472850 48.09019030
-0.77474840 48.09437540
-0.77582330 48.09462790
-0.77782290 48.09484960
-0.77701820 48.09444940
-0.77691740 48.09454660
-0.77703310 48.09474850
-0.77702320 48.09459550
-0.77665810 48.09452610
-0.77691130 48.09452410
-0.77434580 48.09310740
-0.77548890 48.09270110
-0.77596350 48.09238820
-0.77520230 48.09509050
-0.77702550 48.09423910
-0.77788850 48.09344420
-0.77697670 48.09237370
-0.77714630 48.09662040
-0.77726010 48.09612460
-0.77725950 48.09590430
-0.77741820 48.09610150
-0.77421770 48.09698740
-0.77422090 48.09711280
-0.77443600 48.09691980
-0.77713550 48.09602080
-0.77621770 48.09527850
-0.77719950 48.09752420
-0.77427620 48.09901660
-0.77724630 48.09970780
-0.77723310 48.09911710
-0.77172120 48.05994900
-0.77054230 48.06122700
-0.77086950 48.06017960
-0.77210370 48.06059400
-0.77137560 48.06004480
-0.77310180 48.06026770
-0.77305520 48.05979770
-0.77387890 48.05949740
-0.77360560 48.05971440
-0.77353000 48.05943520
-0.77311840 48.06053150
-0.77411740 48.06286370
-0.77296030 48.06287990
-0.77313750 48.06170080
-0.77188530 48.06247240
-0.77158510 48.06284480
-0.77313420 48.06198510
-0.77385820 48.06168740
-0.77313120 48.06219680
-0.77221760 48.06132650
-0.77301730 48.06398440
-0.77393880 48.06372090
-0.77348220 48.06295020
-0.77314910 48.06145780
-0.77285810 48.06484900
-0.77345130 48.06681040
-0.77361710 48.06468870
-0.77370620 48.06466760
-0.77294190 48.06439320
-0.77356810 48.06600250
-0.77341800 48.06549810
-0.77211320 48.06650020
-0.77116330 48.06566370
-0.77110070 48.06453310
-0.77124360 48.06646200
-0.77255300 48.06907450
-0.77369020 48.06761230
-0.77247820 48.06842860
-0.77241960 48.06878340
-0.77365380 48.06763980
-0.77411890 48.06788620
-0.77414040 48.06709160
-0.77313850 48.06798810
-0.77127790 48.06690970
-0.77145840 48.07164640
-0.77151400 48.07027670
-0.77116000 48.06998420
-0.77332610 48.07076770
-0.77324210 48.07053670
-0.77316330 48.07073730
-0.77293330 48.07058970
-0.77319900 48.07084540
-0.77326810 48.07120010
-0.77314640 48.07218040
-0.77314720 48.07230560
-0.77301090 48.07213760
-0.77135020 48.07052460
-0.77134770 48.07046930
-0.77133930 48.07029780
-0.77133780 48.07026660
-0.77122150 48.07005890
-0.77327750 48.07131520
-0.77319070 48.07143950
-0.77139040 48.07102000
-0.77276430 48.07150680
-0.77155000 48.07154100
-0.77192430 48.07056610
-0.77361790 48.07082220
-0.77335010 48.07114150
-0.77146520 48.07210930
-0.77361420 48.07047280
-0.77116750 48.07092150
-0.77136810 48.07081860
-0.77202490 48.07061020
-0.77268030 48.07383010
-0.77277170 48.07382800
-0.77273680 48.07384130
-0.77272150 48.07375760
-0.77274650 48.07324290
-0.77282930 48.07320310
-0.77283630 48.07330210
-0.77281150 48.07330300
-0.77150460 48.07267170
-0.77415530 48.07405060
-0.77131700 48.07629140
-0.77121320 48.07732800
-0.77291440 48.07799580
-0.77369920 48.07575590
-0.77244200 48.07594130
-0.77371600 48.07631630
-0.77245740 48.07638940
-0.77171570 48.07964640
-0.77322540 48.08020960
-0.77331940 48.07986660
-0.77122420 48.07876840
-0.77412960 48.08284870
-0.77240180 48.08123250
-0.77051270 48.08327740
-0.77051110 48.08420620
-0.77064290 48.08413330
-0.77072340 48.08430280
-0.77055030 48.08429240
-0.77138490 48.08834860
-0.77170300 48.09199660
-0.77158850 48.09199970
-0.77183350 48.09232500
-0.77365730 48.09512250
-0.77269120 48.09477620
-0.77153730 48.09448000
-0.77114270 48.09441130
-0.77262920 48.09454390
-0.77399170 48.09243050
-0.77181080 48.09331670
-0.77082390 48.09315200
-0.77063550 48.09296350
-0.77289840 48.09306090
-0.77176430 48.09377940
-0.77202380 48.09378210
-0.77222890 48.09383820
-0.77382640 48.09307130
-0.77052330 48.09721450
-0.77229360 48.09682040
-0.77210850 48.09753340
-0.77111640 48.09766710
-0.77122820 48.09737500
-0.77127810 48.09623220
-0.77233400 48.09649430
-0.77243710 48.09665750
-0.77242180 48.09560530
-0.77408900 48.09946560
-0.77050890 48.09928570
-0.77071530 48.09873580
-0.77093650 48.09814630
-0.76684350 48.04809620
-0.76682620 48.04836600
-0.76808840 48.05666880
-0.76841520 48.05854900
-0.76724520 48.05984330
-0.76754900 48.05980430
-0.76898220 48.05974290
-0.77042050 48.06027060
-0.76989280 48.06015850
-0.77044940 48.06032900
-0.76864530 48.06097290
-0.76919680 48.06124700
-0.77048270 48.06189890
-0.76818620 48.06141490
-0.76935960 48.06256890
-0.77002870 48.06165620
-0.76999960 48.06389640
-0.76842780 48.06304200
-0.76872940 48.06320280
-0.76877910 48.06323110
-0.76775430 48.06542730
-0.76751530 48.06853980
-0.76939190 48.06750730
-0.76839950 48.06777940
-0.76891420 48.06833390
-0.76749150 48.06824660
-0.76678780 48.06891350
-0.76754290 48.06878080
-0.76742440 48.06776760
-0.76890820 48.06690440
-0.76684170 48.06966680
-0.76946460 48.06950710
-0.76765910 48.06960280
-0.76869070 48.06955720
-0.76773710 48.07039220
-0.76787210 48.07172080
-0.76937980 48.07218910
-0.76929990 48.07170000
-0.76795590 48.07246450
-0.76762450 48.07227730
-0.76790780 48.07206070
-0.76821510 48.07225150
-0.77021040 48.07215240
-0.76683430 48.07232040
-0.76780160 48.07105750
-0.77005910 48.07096970
-0.76892210 48.07026250
-0.76916320 48.07100290
-0.76949640 48.07286170
-0.76956400 48.07337810
-0.77040280 48.07429580
-0.77034150 48.07338710
-0.77028360 48.07334790
-0.77036080 48.07338630
-0.76805910 48.07345600
-0.77032290 48.07330510
-0.76731930 48.07348010
-0.76694650 48.07525870
-0.76733230 48.07523390
-0.76847510 48.07515210
-0.77022160 48.07502720
-0.77041050 48.07333780
-0.76964080 48.07677200
-0.76974440 48.07810040
-0.76968980 48.07649590
-0.76837670 48.07817710
-0.76959810 48.07756070
-0.76957410 48.07800350
-0.76940980 48.07988910
-0.76722600 48.07886280
-0.76783960 48.07941120
-0.76874730 48.07901320
-0.76715800 48.07879930
-0.76678040 48.08019750
-0.76761530 48.08001970
-0.76783160 48.08026290
-0.76739700 48.08043830
-0.76701060 48.07838500
-0.76948980 48.07871150
-0.76819740 48.07974550
-0.76937790 48.08056750
-0.76923050 48.08064480
-0.76925230 48.08060010
-0.76936940 48.08072630
-0.76885290 48.08315610
-0.76720880 48.08202190
-0.76982320 48.08176730
-0.76810430 48.08462840
-0.76856860 48.08615500
-0.76861650 48.08491960
-0.76948420 48.08412800
-0.76757220 48.08804750
-0.76719010 48.08870180
-0.76791120 48.08843280
-0.77012590 48.08766870
-0.76733310 48.08742530
-0.76752090 48.08744680
-0.76810580 48.08746880
-0.76941680 48.08727910
-0.76965980 48.09453580
-0.77031410 48.09547000
-0.76997700 48.09546190
-0.77009560 48.09539450
-0.77022860 48.09561960
-0.76918500 48.10060880
-0.76743080 48.09926020
-0.76924660 48.09993020
-0.76942900 48.09959340
-0.76918490 48.09902490
-0.76669340 48.04740820
-0.76332600 48.05253400
-0.76337850 48.05269130
-0.76314030 48.05274050
-0.76327270 48.05251650
-0.76504550 48.05399690
-0.76505120 48.05546040
-0.76409140 48.05521300
-0.76655820 48.05523160
-0.76669770 48.05417020
-0.76495200 48.05433420
-0.76373690 48.05367880
-0.76570470 48.05835330
-0.76482140 48.05837580
-0.76535040 48.05829900
-0.76634650 48.05804830
-0.76473450 48.05839970
-0.76645000 48.05677420
-0.76535540 48.05769660
-0.76484510 48.05769310
-0.76401570 48.05749000
-0.76406510 48.05696180
-0.76485130 48.05697260
-0.76365510 48.05615420
-0.76408790 48.05615870
-0.76493790 48.05616560
-0.76500350 48.05616730
-0.76571020 48.05619240
-0.76644880 48.05621690
-0.76634660 48.05832150
-0.76633880 48.05821050
-0.76308710 48.05885890
-0.76312480 48.05890710
-0.76334530 48.05982790
-0.76383510 48.05863630
-0.76312300 48.05948780
-0.76485400 48.05847080
-0.76353500 48.05872850
-0.76366060 48.05993750
-0.76349520 48.06004440
-0.76572080 48.05945170
-0.76577990 48.05921750
-0.76599990 48.05859640
-0.76540260 48.06000530
-0.76401810 48.06073400
-0.76435580 48.05955760
-0.76381170 48.05982860
-0.76387530 48.05984750
-0.76524860 48.06023540
-0.76538190 48.06026600
-0.76573350 48.06052610
-0.76351760 48.06377480
-0.76327640 48.06358500
-0.76432500 48.06312280
-0.76448780 48.06330970
-0.76513660 48.06405390
-0.76476900 48.06165900
-0.76318090 48.06363780
-0.76340230 48.06382770
-0.76383400 48.06253930
-0.76378530 48.06419860
-0.76416990 48.06465870
-0.76601610 48.06557500
-0.76634780 48.06542760
-0.76360160 48.06456640
-0.76384390 48.06643690
-0.76490880 48.06857980
-0.76497800 48.06857450
-0.76495960 48.06748280
-0.76502220 48.06787140
-0.76512090 48.06855940
-0.76536960 48.06934460
-0.76462720 48.06743580
-0.76417010 48.07233720
-0.76354670 48.07124110
-0.76546920 48.07253530
-0.76568080 48.06974630
-0.76673780 48.07220010
-0.76593560 48.07113490
-0.76557360 48.07115460
-0.76595740 48.07532940
-0.76547610 48.07356940
-0.76528940 48.07357270
-0.76534380 48.07351470
-0.76539310 48.07363340
-0.76334420 48.07311090
-0.76344110 48.07422870
-0.76306980 48.07341850
-0.76536950 48.07350970
-0.76477370 48.07360370
-0.76391840 48.07256730
-0.76528410 48.07483500
-0.76524100 48.07538060
-0.76316010 48.07329990
-0.76321430 48.07368030
-0.76672200 48.07762290
-0.76414680 48.07667820
-0.76515380 48.07638690
-0.76518700 48.07591590
-0.76318710 48.07664980
-0.76330090 48.07551170
-0.76504560 48.07773240
-0.76511380 48.07700700
-0.76652300 48.07684650
-0.76514080 48.07674650
-0.76520200 48.07918630
-0.76362390 48.08023420
-0.76349210 48.07888120
-0.76389780 48.08059940
-0.76476470 48.08048690
-0.76563740 48.08035810
-0.76666740 48.08068310
-0.76580190 48.08079630
-0.76499440 48.07831420
-0.76499170 48.07860820
-0.76670460 48.07840050
-0.76463240 48.08132050
-0.76470140 48.08146900
-0.76517760 48.08136490
-0.76511190 48.08121820
-0.76546390 48.08195100
-0.76619030 48.08167000
-0.76562900 48.08902910
-0.76547310 48.08913020
-0.76558150 48.08866270
-0.76582950 48.08873720
-0.76565020 48.08881250
-0.76557460 48.08866740
-0.76366200 48.09088270
-0.76377820 48.09165360
-0.76329630 48.09187760
-0.76315360 48.09107240
-0.76325470 48.09107290
-0.76364400 48.09117620
-0.76376300 48.09127570
-0.76359640 48.09246990
-0.76384020 48.09819840
-0.76627370 48.09866010
-0.76261370 48.05408700
-0.76139850 48.05527330
-0.76209520 48.05480150
-0.76201490 48.05530670
-0.76268420 48.05536360
-0.76268590 48.05497330
-0.76306830 48.05352000
-0.76232560 48.05360730
-0.76245880 48.05346650
-0.76256090 48.05684770
-0.76259570 48.05622190
-0.76125710 48.05567560
-0.76260500 48.05605170
-0.76270520 48.05837560
-0.76193520 48.05807550
-0.76295640 48.05931180
-0.76279000 48.05909090
-0.76082730 48.05846520
-0.76225720 48.05936380
-0.76269670 48.05897410
-0.76229480 48.05849560
-0.76016730 48.06049910
-0.76190160 48.05959590
-0.76101890 48.06014370
-0.76107430 48.06022570
-0.76287120 48.05920300
-0.76204940 48.05968310
-0.76079650 48.06210210
-0.76291640 48.06344510
-0.76065650 48.06402050
-0.75955260 48.06158940
-0.76050760 48.06229670
-0.76059940 48.06398950
-0.76145070 48.06286030
-0.76083250 48.06351310
-0.76270010 48.06329900
-0.76176730 48.06393200
-0.75936160 48.06654750
-0.76161640 48.06666540
-0.75970760 48.06480650
-0.75947540 48.06477380
-0.75969780 48.06469120
-0.75980710 48.06465720
-0.75979060 48.06483960
-0.75939370 48.06559370
-0.76005540 48.06623910
-0.76060760 48.06596100
-0.76111950 48.06446470
-0.76091780 48.06416970
-0.76120320 48.06431270
-0.76297060 48.06526420
-0.76188630 48.06811220
-0.76198880 48.06814750
-0.76166280 48.06716380
-0.76154470 48.06715590
-0.76167900 48.06696450
-0.76202210 48.06714400
-0.76173470 48.06717050
-0.76176870 48.06736060
-0.76165430 48.06712320
-0.76168350 48.06699130
-0.76173020 48.06713090
-0.76185730 48.06765190
-0.76194240 48.06790730
-0.76197940 48.06809730
-0.76197150 48.06831990
-0.76053660 48.06708720
-0.76155410 48.06711070
-0.76183080 48.06791650
-0.76171150 48.06736760
-0.76208290 48.06877340
-0.76281870 48.06719010
-0.76022810 48.07148390
-0.76021340 48.07089610
-0.76107900 48.07135710
-0.76250890 48.07053820
-0.76052400 48.07142860
-0.76060870 48.07141390
-0.76053820 48.07100380
-0.76244660 48.07030100
-0.76268340 48.07126680
-0.76132000 48.07408470
-0.76132110 48.07408430
-0.75945640 48.07282310
-0.75946640 48.07280240
-0.75961280 48.07277420
-0.75985560 48.07399550
-0.75951140 48.07289580
-0.75936690 48.07447860
-0.76002530 48.07435010
-0.76094280 48.07416120
-0.75990360 48.07529330
-0.76265610 48.07395590
-0.76305120 48.07287610
-0.76285700 48.07369130
-0.76186550 48.07495970
-0.75965930 48.07285350
-0.76134540 48.07333430
-0.76240210 48.07363410
-0.76281070 48.07375040
-0.76143870 48.07560190
-0.76160310 48.07564370
-0.75982230 48.07755720
-0.76015430 48.07552490
-0.76005310 48.07565310
-0.75962530 48.07565570
-0.76219470 48.07668750
-0.76246700 48.07751910
-0.76142740 48.07552240
-0.76259070 48.07808260
-0.75941940 48.07817870
-0.76008550 48.07714020
-0.76001680 48.07723770
-0.75987930 48.07718220
-0.75992260 48.07710950
-0.76147370 48.07928940
-0.76295340 48.07920280
-0.76276360 48.07862550
-0.76051770 48.07864950
-0.76200130 48.07977140
-0.76259700 48.09203620
-0.76264700 48.09076960
-0.76300360 48.09184950
-0.76274770 48.09171720
-0.76268130 48.09130630
-0.76282410 48.09117190
-0.76266330 48.09161290
-0.75954130 48.09320770
-0.75989380 48.09409090
-0.76174600 48.09246970
-0.75833540 48.04076970
-0.75713760 48.06010240
-0.75903040 48.06078740
-0.75922320 48.06120430
-0.75913260 48.06101330
-0.75722990 48.06005800
-0.75844330 48.05954180
-0.75935150 48.06112960
-0.75882910 48.05937030
-0.75848750 48.06280690
-0.75829930 48.06343580
-0.75844660 48.06288780
-0.75636550 48.06222000
-0.75817790 48.06368580
-0.75601260 48.06144810
-0.75922220 48.06160500
-0.75664250 48.06179640
-0.75663530 48.06191460
-0.75610030 48.06213950
-0.75884900 48.06192220
-0.75933260 48.06128120
-0.75934020 48.06329400
-0.75821980 48.06317350
-0.75836250 48.06285400
-0.75874700 48.06208260
-0.75840130 48.06278930
-0.75843790 48.06272930
-0.75853350 48.06292260
-0.75850910 48.06276910
-0.75757880 48.06242850
-0.75725130 48.06225900
-0.75868770 48.06259280
-0.75858430 48.06280810
-0.75748070 48.06222320
-0.75817880 48.06260140
-0.75615300 48.06166170
-0.75924410 48.06655260
-0.75834210 48.06631510
-0.75925510 48.06652960
-0.75730490 48.06536730
-0.75744560 48.06539090
-0.75907180 48.06511310
-0.75816390 48.06550870
-0.75928440 48.06658990
-0.75641980 48.06640140
-0.75783540 48.06614500
-0.75777810 48.06604690
-0.75785780 48.06611060
-0.75926370 48.06684670
-0.75771280 48.06615020
-0.75657020 48.06612440
-0.75691150 48.06624360
-0.75767550 48.06448340
-0.75660720 48.06790960
-0.75658800 48.06702370
-0.75666560 48.06778820
-0.75724250 48.06768100
-0.75612630 48.06792550
-0.75645810 48.06766860
-0.75636110 48.06786520
-0.75796080 48.06746950
-0.75644840 48.06796170
-0.75639190 48.06812950
-0.75621570 48.06803390
-0.75604220 48.06807270
-0.75927300 48.06705120
-0.75927220 48.06695990
-0.75915900 48.06707270
-0.75925760 48.06713000
-0.75773680 48.07231100
-0.75729410 48.07164060
-0.75765750 48.07234850
-0.75771540 48.07244960
-0.75787940 48.07234970
-0.75624140 48.07186070
-0.75919480 48.07172450
-0.75886680 48.07128000
-0.75675350 48.07032870
-0.75612360 48.06978800
-0.75792920 48.06998660
-0.75718800 48.07076990
-0.75783990 48.07140040
-0.75839790 48.07199030
-0.75633330 48.07537020
-0.75901920 48.07454850
-0.75631830 48.07297580
-0.75654540 48.07286670
-0.75858880 48.07417640
-0.75576310 48.07324260
-0.75607270 48.07505350
-0.75614830 48.07507490
-0.75805410 48.07336990
-0.75661670 48.07399480
-0.75758770 48.07479670
-0.75864740 48.07424580
-0.75636330 48.07544630
-0.75638320 48.07554890
-0.75761160 48.07558860
-0.75764040 48.07820470
-0.75857120 48.07791370
-0.75864050 48.07765350
-0.75580770 48.07741230
-0.75871930 48.07752720
-0.75869290 48.07932160
-0.75598830 48.07966990
-0.75841650 48.07976630
-0.75633720 48.07987190
-0.75830490 48.07994720
-0.75805480 48.08035250
-0.75576490 48.08048280
-0.75615450 48.07985970
-0.75623090 48.07981420
-0.75862030 48.07943580
-0.75789780 48.08059460
-0.75579400 48.07956660
-0.75663770 48.07935790
-0.75607090 48.07971320
-0.75699390 48.07889020
-0.75870230 48.07857610
-0.75826800 48.07932590
-0.75783290 48.07982140
-0.75762340 48.08033870
-0.75717310 48.07974810
-0.75763690 48.07911810
-0.75816680 48.07840980
-0.75775610 48.08038610
-0.75798090 48.08047240
-0.75708150 48.08189460
-0.75744880 48.08131270
-0.75655060 48.08122540
-0.75733710 48.08147990
-0.75663270 48.08263490
-0.75623790 48.08307640
-0.75788780 48.08447270
-0.75643550 48.08625100
-0.75664670 48.08550890
-0.75691170 48.08542210
-0.75670590 48.08615780
-0.75651670 48.08615780
-0.75886470 48.08743180
-0.75588990 48.08695570
-0.75860310 48.08738990
-0.75708880 48.08721720
-0.75699520 48.09270090
-0.75413720 48.04052320
-0.75364170 48.05196060
-0.75254330 48.05273330
-0.75222130 48.05292990
-0.75288250 48.05301970
-0.75305260 48.05302740
-0.75288670 48.05316040
-0.75346200 48.05493500
-0.75286800 48.05314980
-0.75214520 48.05357430
-0.75207050 48.05362620
-0.75433840 48.05524180
-0.75469240 48.05480970
-0.75504180 48.05428790
-0.75356660 48.05347750
-0.75304040 48.05315780
-0.75437590 48.05519340
-0.75195760 48.05751330
-0.75557190 48.05740100
-0.75416410 48.05757390
-0.75350250 48.05669560
-0.75557810 48.05758830
-0.75519470 48.05653460
-0.75270610 48.05567960
-0.75195600 48.05632210
-0.75221190 48.05786770
-0.75389250 48.05581510
-0.75312780 48.05657210
-0.75300350 48.05657190
-0.75309150 48.05649550
-0.75313490 48.05652250
-0.75324580 48.05930860
-0.75296560 48.05892360
-0.75331230 48.06010870
-0.75536320 48.06109880
-0.75549450 48.06084320
-0.75535740 48.06105010
-0.75357720 48.06074370
-0.75288430 48.05987310
-0.75510210 48.06120210
-0.75325080 48.05931510
-0.75308630 48.05909110
-0.75276920 48.06079570
-0.75260610 48.06062120
-0.75262540 48.06085070
-0.75418540 48.06083130
-0.75499120 48.06111920
-0.75379460 48.06001940
-0.75421220 48.06045400
-0.75359850 48.06013060
-0.75523890 48.06096490
-0.75459800 48.06067530
-0.75515350 48.06095780
-0.75500210 48.06103040
-0.75353790 48.06022930
-0.75525940 48.06119810
-0.75462680 48.06133280
-0.75321190 48.06269060
-0.75452600 48.06145170
-0.75328470 48.06274850
-0.75416570 48.06159650
-0.75558940 48.06235740
-0.75556810 48.06230070
-0.75241450 48.06329020
-0.75245770 48.06312680
-0.75265480 48.06326130
-0.75339960 48.06160740
-0.75385210 48.06167990
-0.75410210 48.06149820
-0.75320870 48.06255150
-0.75338450 48.06265780
-0.75306570 48.06194800
-0.75268480 48.06233520
-0.75469760 48.06124930
-0.75293720 48.06290750
-0.75261200 48.06313940
-0.75239570 48.06316130
-0.75399350 48.06562930
-0.75475140 48.06475230
-0.75428540 48.06685720
-0.75474370 48.06484600
-0.75497200 48.06419940
-0.75428900 48.06556660
-0.75436660 48.06554650
-0.75408790 48.06612590
-0.75495370 48.06531790
-0.75474430 48.06794360
-0.75229420 48.06811360
-0.75460540 48.06848910
-0.75205800 48.06903310
-0.75214200 48.06915280
-0.75503400 48.06830410
-0.75441310 48.06740130
-0.75509960 48.06834070
-0.75334060 48.07488790
-0.75308790 48.07529280
-0.75334480 48.07395720
-0.75345990 48.07406410
-0.75274530 48.07447760
-0.75277930 48.07341700
-0.75256330 48.07319730
-0.75466780 48.07444830
-0.75507240 48.07357020
-0.75546530 48.07418910
-0.75353070 48.07412990
-0.75382350 48.07432180
-0.75207820 48.07421500
-0.75223210 48.07497090
-0.75282300 48.07648030
-0.75297270 48.07648870
-0.75289510 48.07652170
-0.75287840 48.07673540
-0.75283330 48.07732340
-0.75290170 48.07641680
-0.75293180 48.07594520
-0.75404980 48.07547690
-0.75292450 48.07583100
-0.75282000 48.07748430
-0.75424820 48.07547780
-0.75292380 48.07605670
-0.75290690 48.07629210
-0.75284290 48.07643300
-0.75436530 48.07698740
-0.75201760 48.07579230
-0.75299920 48.07546820
-0.75464870 48.08062400
-0.75553080 48.08089830
-0.75360840 48.07994980
-0.75360480 48.07871980
-0.75397380 48.07886050
-0.75504740 48.07926710
-0.75557010 48.07946410
-0.75267250 48.07995810
-0.75481140 48.07918100
-0.75270090 48.07950850
-0.75318960 48.07858500
-0.75272250 48.07870040
-0.75379660 48.07868310
-0.75376510 48.07896490
-0.75379050 48.07879270
-0.75194480 48.07848780
-0.75273850 48.07845580
-0.75258690 48.08110280
-0.75523320 48.08402260
-0.75419120 48.08500420
-0.75317020 48.08601550
-0.75213010 48.08666670
-0.75514720 48.08812330
-0.75325120 48.08731170
-0.75198960 48.08672710
-0.75244340 48.08675350
-0.75244250 48.08693870
-0.75206450 48.08700620
-0.75398780 48.09084200
-0.75395030 48.09010160
-0.75197810 48.09376820
-0.74880160 48.05020420
-0.75070510 48.05226340
-0.75149580 48.05212020
-0.75193570 48.05236400
-0.75141560 48.05231400
-0.75136710 48.05190150
-0.74908930 48.05244780
-0.74972790 48.05182520
-0.74833140 48.05504100
-0.75172080 48.05442690
-0.75104050 48.05522940
-0.75095110 48.05316350
-0.75038180 48.05315880
-0.75170090 48.05324540
-0.74881370 48.05397300
-0.75129510 48.05406010
-0.75151440 48.05393430
-0.75153810 48.05381500
-0.75161300 48.05393290
-0.75164550 48.05384510
-0.75008830 48.05449440
-0.74969500 48.05461670
-0.74982460 48.05441860
-0.74988620 48.05441140
-0.75014010 48.05491850
-0.74997850 48.05468930
-0.75094510 48.05606040
-0.75124000 48.05800290
-0.75133830 48.05793580
-0.75172880 48.05821030
-0.75164420 48.05826670
-0.75179230 48.05728490
-0.75047090 48.05812860
-0.75004900 48.05818380
-0.75043900 48.05839570
-0.74942950 48.05967850
-0.74971780 48.05856890
-0.74877070 48.05932820
-0.74840450 48.05964720
-0.75181120 48.06027570
-0.75175430 48.06053470
-0.75082040 48.06042390
-0.74925600 48.06122900
-0.74994950 48.06031840
-0.75014970 48.06004380
-0.75088570 48.05948980
-0.75116430 48.05893270
-0.74842380 48.06100610
-0.75056120 48.05846360
-0.75100690 48.05869940
-0.74984010 48.06341360
-0.75127890 48.06178790
-0.75091220 48.06219200
-0.74998110 48.06327090
-0.75062470 48.06349780
-0.75154650 48.06389710
-0.74903110 48.06153590
-0.74899260 48.06143460
-0.74912290 48.06140260
-0.74918470 48.06150740
-0.74913370 48.06153940
-0.75068460 48.06247650
-0.75111450 48.06266130
-0.74982750 48.06548210
-0.75019680 48.06483500
-0.75000900 48.06502030
-0.74981890 48.06558680
-0.74971630 48.06487150
-0.74976180 48.06502890
-0.74982050 48.06527550
-0.75097020 48.06949170
-0.74960960 48.06969680
-0.74993340 48.06873760
-0.75014060 48.06916010
-0.75129410 48.06827780
-0.75105170 48.06752070
-0.74858800 48.06805180
-0.75026950 48.06761180
-0.75079250 48.06843550
-0.75038210 48.06951270
-0.75061110 48.06757200
-0.74972190 48.06880410
-0.74904260 48.06902930
-0.74944350 48.06969080
-0.74918370 48.06922490
-0.75002340 48.06975340
-0.75002170 48.06987520
-0.74970170 48.06984730
-0.74990140 48.07014860
-0.75090350 48.07122920
-0.74976070 48.06994660
-0.74938860 48.06993790
-0.75129430 48.07203160
-0.75128450 48.07181290
-0.75045260 48.07080270
-0.75164200 48.07194360
-0.75191070 48.07215350
-0.74956390 48.06988600
-0.75004630 48.07047240
-0.74963050 48.06998530
-0.75012430 48.07458380
-0.75127580 48.07366750
-0.75152020 48.07463980
-0.75076470 48.07444740
-0.75164630 48.07580920
-0.74982040 48.07546680
-0.75000030 48.07577520
-0.75022390 48.07585580
-0.74994690 48.07587140
-0.74986580 48.07587690
-0.75068010 48.07584090
-0.75037300 48.07792370
-0.75140540 48.07548180
-0.75100100 48.07576880
-0.75099650 48.07583250
-0.74898590 48.07752880
-0.74928240 48.07729560
-0.74991820 48.07678870
-0.75010150 48.07900190
-0.75118460 48.07845200
-0.75105290 48.07834410
-0.75073640 48.07844850
-0.75159230 48.08664140
-0.74949990 48.08510960
-0.74944380 48.08580120
-0.75073220 48.08621160
-0.75192890 48.08683840
-0.75193110 48.08680760
-0.74976650 48.08935760
-0.74960410 48.09001880
-0.74936120 48.09066810
-0.74983590 48.09207130
-0.74990700 48.09017260
-0.74952450 48.09033400
-0.75141860 48.09088320
-0.75140580 48.09015250
-0.75049820 48.09169830
-0.74888740 48.09206200
-0.74876270 48.09201350
-0.74855900 48.09182200
-0.74853010 48.09169730
-0.74863210 48.09147890
-0.74918510 48.09130920
-0.74947620 48.09138720
-0.74962170 48.09149500
-0.74968080 48.09181880
-0.74926640 48.09208120
-0.74917500 48.09288090
-0.74898480 48.09273000
-0.74845080 48.09378480
-0.75148330 48.09417320
-0.75022780 48.09744490
-0.75050890 48.09587330
-0.75009400 48.09813530
-0.74875080 48.09942500
-0.74845630 48.09943060
-0.74830580 48.09922150
-0.74885190 48.09915810
-0.74889040 48.09927530
-0.74846910 48.09907890
-0.74593850 48.03762050
-0.74470490 48.04699610
-0.74556390 48.04858330
-0.74485420 48.04969700
-0.74608640 48.04937070
-0.74672280 48.04710100
-0.74514300 48.04789680
-0.74651260 48.04999890
-0.74787010 48.05016850
-0.74772430 48.04995030
-0.74495040 48.05194070
-0.74695090 48.05059520
-0.74791050 48.05022900
-0.74687900 48.05050830
-0.74772480 48.05274090
-0.74637180 48.05191140
-0.74549410 48.05218710
-0.74541610 48.05215170
-0.74553700 48.05221290
-0.74795200 48.05357640
-0.74758000 48.05393640
-0.74598100 48.05418620
-0.74794450 48.05412770
-0.74540340 48.05464660
-0.74506150 48.05439850
-0.74510650 48.05304330
-0.74599140 48.05282730
-0.74639430 48.05295610
-0.74697230 48.05307990
-0.74743650 48.05469730
-0.74561540 48.05506310
-0.74560850 48.05493850
-0.74683750 48.05517570
-0.74707300 48.05530980
-0.74749810 48.05553860
-0.74723710 48.05664860
-0.74627440 48.05625710
-0.74551610 48.05583960
-0.74642790 48.05805130
-0.74495290 48.05675220
-0.74698960 48.05632060
-0.74672100 48.05665940
-0.74729430 48.05579920
-0.74683640 48.05624440
-0.74701680 48.05616210
-0.74650350 48.05638250
-0.74662830 48.05631210
-0.74701870 48.05652790
-0.74690080 48.05660300
-0.74690190 48.05828630
-0.74632410 48.05799380
-0.74569220 48.05614690
-0.74455350 48.05654050
-0.74512530 48.05684330
-0.74608950 48.05735450
-0.74579990 48.05773370
-0.74649550 48.05678420
-0.74652830 48.05658690
-0.74812660 48.05712980
-0.74819620 48.05900760
-0.74747070 48.05861250
-0.74812350 48.05896920
-0.74506700 48.05863060
-0.74506850 48.05855730
-0.74515490 48.05855020
-0.74513380 48.05864370
-0.74517500 48.05862810
-0.74643380 48.05930270
-0.74785450 48.06009360
-0.74568870 48.07174600
-0.74749340 48.07051560
-0.74555570 48.07208820
-0.74487360 48.07131900
-0.74574550 48.07134670
-0.74795730 48.07047240
-0.74616410 48.07098860
-0.74567300 48.07108430
-0.74510940 48.07308220
-0.74608330 48.07599480
-0.74513560 48.07559050
-0.74684920 48.07617650
-0.74774550 48.08393780
-0.74766370 48.08488160
-0.74762170 48.08566190
-0.74748790 48.08553950
-0.74764570 48.08546090
-0.74766650 48.08566010
-0.74778400 48.08557840
-0.74726120 48.09087100
-0.74680910 48.09121600
-0.74727020 48.09067370
-0.74731440 48.08971270
-0.74786080 48.09203080
-0.74725460 48.09101410
-0.74820250 48.09209800
-0.74798490 48.09141590
-0.74767500 48.09664590
-0.74501090 48.09719120
-0.74751850 48.09774040
-0.74698790 48.09902490
-0.74745460 48.09910010
-0.74595890 48.09866420
-0.74567850 48.09875430
-0.74542970 48.09860640
-0.74580570 48.09837780
-0.74563610 48.09837430
-0.74716300 48.09886700
-0.74598940 48.09850300
-0.74716190 48.10246190
-0.74196330 48.04100240
-0.74247810 48.04212430
-0.74371590 48.04482380
-0.74251560 48.04671500
-0.74368030 48.04642350
-0.74351490 48.04623230
-0.74427570 48.04631800
-0.74405240 48.04645650
-0.74386020 48.04647100
-0.74413840 48.04598560
-0.74374870 48.04596240
-0.74384910 48.04524380
-0.74118270 48.05247420
-0.74173790 48.05197370
-0.74340850 48.05467950
-0.74232850 48.05393740
-0.74326300 48.05334360
-0.74178870 48.05281840
-0.74279730 48.05302460
-0.74400130 48.05290180
-0.74081760 48.05275220
-0.74206920 48.05379650
-0.74261910 48.05372100
-0.74438470 48.05412220
-0.74426900 48.05407610
-0.74325470 48.05526060
-0.74359550 48.05500650
-0.74149400 48.05359800
-0.74214430 48.05616330
-0.74383590 48.05710220
-0.74416660 48.05684860
-0.74325900 48.05757070
-0.74350440 48.06654410
-0.74330710 48.06635650
-0.74377830 48.06713510
-0.74374230 48.06705600
-0.74240010 48.07203520
-0.74439470 48.07461830
-0.74429290 48.07505570
-0.74319200 48.07623010
-0.74418680 48.07987480
-0.74123030 48.08136780
-0.74100410 48.08126280
-0.74116460 48.08123240
-0.74120300 48.08124760
-0.74103760 48.08139460
-0.74195450 48.08670230
-0.74263120 48.08485370
-0.74420700 48.09088740
-0.74392190 48.09131990
-0.74290940 48.09006620
-0.74222240 48.09606380
-0.74204940 48.09622190
-0.74186090 48.09590680
-0.73882910 48.04040800
-0.73924040 48.04157470
-0.73988320 48.04338700
-0.73722860 48.04258000
-0.74039760 48.05163840
-0.73879710 48.05201670
-0.73994020 48.05262060
-0.73926500 48.05326420
-0.74033580 48.05289110
-0.73766120 48.05377000
-0.73713470 48.05405700
-0.73722260 48.05406350
-0.74005940 48.05328000
-0.73933160 48.05325950
-0.73816830 48.05350860
-0.73756280 48.05383560
-0.73742160 48.05416490
-0.74049510 48.05289840
-0.73924590 48.05460120
-0.74073950 48.05411130
-0.73784690 48.05469180
-0.74013360 48.05333950
-0.73845410 48.05502190
-0.73872230 48.05515880
-0.73870400 48.05514260
-0.73872860 48.05506830
-0.73880360 48.05505730
-0.73885250 48.05515310
-0.73883090 48.05516580
-0.73871960 48.05537010
-0.73741540 48.05438310
-0.73759990 48.05454820
-0.73730230 48.05445610
-0.73711150 48.05448310
-0.73901480 48.05494440
-0.73886900 48.05509860
-0.74016520 48.05382570
-0.73969740 48.05419410
-0.74043180 48.05289010
-0.73951180 48.05324670
-0.74003010 48.05305270
-0.74032990 48.05363590
-0.74010230 48.05297430
-0.74071250 48.05300540
-0.74077510 48.05315470
-0.74062470 48.05335090
-0.74044880 48.05340130
-0.73713900 48.05715030
-0.73715470 48.05720210
-0.73796910 48.05673010
-0.73840120 48.05582570
-0.73763020 48.05719530
-0.73803580 48.05694440
-0.73792930 48.05710880
-0.73808150 48.05712200
-0.73794890 48.05722570
-0.73791100 48.05712190
-0.73806800 48.05721420
-0.73750890 48.06082510
-0.73854100 48.06138460
-0.73756210 48.08360660
-0.73802790 48.08386540
-0.74020360 48.08256890
-0.73904700 48.08636280
-0.73887070 48.08644540
-0.73874740 48.08633120
-0.73887990 48.08624510
-0.73892930 48.08624670
-0.73954900 48.08449240
-0.73945780 48.08438180
-0.73960780 48.08432670
-0.73962630 48.08448850
-0.73970160 48.08443130
-0.73716190 48.08914680
-0.73741070 48.08853670
-0.73772020 48.08806890
-0.73792890 48.08752020
-0.73816530 48.08732130
-0.73835370 48.08730400
-0.73859870 48.08737810
-0.73871030 48.08760240
-0.73848340 48.08780500
-0.73820680 48.08781530
-0.73796200 48.08767120
-0.73792920 48.08761040
-0.73866520 48.08699140
-0.73647420 48.04090460
-0.73507440 48.04419330
-0.73368670 48.04149240
-0.73364590 48.04918090
-0.73549670 48.04911030
-0.73422930 48.04967060
-0.73448410 48.04947230
-0.73478660 48.04945430
-0.73509810 48.04963150
-0.73511180 48.04985180
-0.73507220 48.04990980
-0.73351730 48.05108660
-0.73582610 48.05038540
-0.73552820 48.05021320
-0.73488180 48.05002920
-0.73464530 48.05006160
-0.73430230 48.04993660
-0.73685830 48.05436660
-0.73686850 48.05286260
-0.73639650 48.05338860
-0.73696760 48.05409230
-0.73689460 48.05469850
-0.73694290 48.05741810
-0.73675320 48.05701360
-0.73674830 48.05775820
-0.73667560 48.05739990
-0.73654630 48.05730070
-0.73685320 48.05675020
-0.73698950 48.05703150
-0.73648680 48.05986730
-0.73607220 48.06055710
-0.73603720 48.06038790
-0.73625590 48.06024390
-0.73661190 48.06034300
-0.73662090 48.06054000
-0.73638560 48.06065370
-0.73620720 48.06063680
-0.73384840 48.06109950
-0.73598040 48.06095350
-0.73596690 48.06177440
-0.73544470 48.06149680
-0.73483820 48.06177360
-0.73410200 48.06186210
-0.73421110 48.06192170
-0.73430610 48.06207670
-0.73348240 48.06210510
-0.73361000 48.06189930
-0.73376570 48.06183840
-0.73378550 48.06183290
-0.73371290 48.06234620
-0.73406280 48.06235060
-0.73374130 48.06350340
-0.73445100 48.07313050
-0.73411640 48.07326050
-0.73532050 48.07321040
-0.73399670 48.07304120
-0.73410720 48.07310380
-0.73534220 48.07314740
-0.73414760 48.08546690
-0.73435140 48.08529910
-0.73483760 48.08562750
-0.73495830 48.08580800
-0.73479040 48.08572010
-0.73533440 48.08522860
-0.73449270 48.08518490
-0.73503890 48.08515870
-0.73664170 48.08563000
-0.73609790 48.08541500
-0.73500850 48.08571820
-0.73589540 48.09047190
-0.73561810 48.08979610
-0.73592310 48.08983600
-0.73603570 48.08995360
-0.73602190 48.09009080
-0.73590790 48.09018780
-0.73566960 48.09022390
-0.73538290 48.09000240
-0.73631200 48.08974370
-0.73680420 48.09321480
-0.73566780 48.09282700
-0.73623120 48.09300140
-0.73587070 48.09308790
-0.73578400 48.09305850
-0.73594590 48.09268000
-0.73294160 48.03958040
-0.73035430 48.04852670
-0.73012500 48.04724370
-0.72997710 48.04869470
-0.73142100 48.04796540
-0.73007580 48.04722170
-0.73313200 48.06178010
-0.73308870 48.06175630
-0.73195400 48.07146850
-0.73157960 48.07233850
-0.73044960 48.07151140
-0.73080790 48.07242120
-0.73019560 48.07228460
-0.73060670 48.07231210
-0.73338720 48.07351780
-0.73224180 48.07296320
-0.73093330 48.07267500
-0.73080780 48.07290630
-0.73069300 48.07298030
-0.73010340 48.07302080
-0.73051000 48.07431060
-0.73023540 48.07304890
-0.73005720 48.08248650
-0.73027450 48.08255320
-0.73013660 48.08259170
-0.73019180 48.08244900
-0.72418840 48.04398540
